257
504
607
613
633
967
569
516
735
643
984
475
546
290
140
958
542
991
851
536
721
638
513
688
433
664
40
371
917
705
641
810
193
545
108
709
46
960
485
47
993
70
960
564
275
602
141
497
993
968
799
219
284
144
386
163
571
245
875
776
400
571
157
278
49
717
697
102
744
342
589
653
37
814
664
569
482
967
461
729
423
73
174
428
543
746
883
885
378
738
52
510
221
463
171
75
767
4
77
712
86
383
722
469
417
947
234
736
847
379
387
980
112
192
273
698
850
45
701
725
55
432
450
50
132
548
443
415
197
429
904
691
952
244
667
175
751
580
830
12
498
412
616
821
636
182
952
725
540
991
640
940
400
959
277
806
869
347
606
829
482
450
396
48
133
437
313
532
718
27
172
266
11
763
251
201
475
403
554
366
399
656
675
24
278
383
694
345
848
964
468
618
830
97
558
790
639
594
188
843
134
638
698
300
410
248
501
314
638
950
679
475
194
234
959
324
153
504
189
931
238
927
172
400
584
299
657
782
461
930
995
188
342
198
643
841
703
802
286
199
731
193
256
535
373
267
212
957
786
929
41
525
885
347
111
870
154
560
211
887
807
854
846
727
824
299
261
545
115
715
629
440
731
466
701
951
600
956
401
125
71
163
483
246
854
690
476
501
779
816
532
593
798
590
191
701
123
964
369
997
548
161
962
166
143
842
685
829
524
85
294
803
738
286
74
143
194
842
172
76
531
274
957
852
304
714
955
125
615
259
734
476
660
437
359
816
837
897
209
200
471
790
372
47
577
346
631
190
863
740
743
923
82
880
846
545
414
458
405
560
276
214
452
654
17
423
65
374
55
175
760
792
754
863
523
458
214
591
994
829
343
976
836
218
168
80
814
943
896
406
747
877
146
598
645
436
709
655
971
905
564
27
83
726
134
679
970
946
103
308
794
356
256
494
43
146
894
523
270
318
503
261
61
260
866
683
151
117
734
21
66
248
499
471
482
817
353
40
650
202
606
523
152
833
516
893
365
202
658
664
877
799
433
80
68
973
674
477
906
457
78
528
825
555
62
793
748
345
68
24
834
759
306
994
979
182
178
590
138
963
997
161
860
745
872
807
896
289
107
259
567
73
404
769
286
58
588
554
1
215
456
135
275
931
227
218
212
554
818
657
177
547
744
636
930
908
682
506
848
791
838
511
582
348
896
760
201
766
173
514
83
562
604
767
292
341
153
194
578
262
155
982
635
84
329
522
824
737
713
56
333
911
833
215
422
58
650
333
660
230
817
936
391
146
351
359
918
158
4
892
294
777
663
645
72
854
249
451
838
143
492
299
702
90
430
860
583
139
746
975
460
619
584
590
48
192
451
774
521
629
764
550
599
35
797
5
222
839
137
791
219
894
66
585
644
79
259
901
587
224
712
296
507
572
602
978
267
851
175
229
180
546
249
378
62
132
157
384
696
409
920
182
79
759
629
227
558
710
322
836
207
408
524
950
881
345
599
341
987
971
475
292
312
245
875
854
203
93
864
380
276
172
125
231
483
897
892
353
717
592
450
359
782
412
910
322
534
738
903
423
934
25
983
419
44
375
122
426
869
637
484
786
619
582
346
284
287
628
711
443
33
644
306
903
134
651
278
308
824
560
675
703
92
483
851
417
609
895
839
280
397
877
266
442
20
641
542
723
907
272
230
168
825
634
620
940
879
5
484
228
290
2
137
631
775
444
911
984
646
541
168
102
146
923
210
379
720
892
737
364
477
774
969
713
821
803
255
374
890
746
905
753
570
496
114
461
244
465
443
630
204
898
390
86
805
745
997
679
62
960
555
297
696
5
504
222
391
5
603
149
599
75
59
444
481
787
31
346
93
268
479
60
970
557
82
158
245
7
289
308
799
476
684
345
514
302
787
423
772
875
192
944
925
655
220
214
246
234
606
782
402
500
963
794
274
726
418
214
203
603
200
891
858
920
948
835
676
391
291
628
151
890
846
641
813
542
106
557
194
901
465
929
275
505
591
239
385
86
408
424
367
55
56
636
272
84
699
832
645
467
166
805
582
772
525
158
766
257
655
393
596
5
991
986
143
556
508
389
145
700
891
691
984
579
403
334
17
1
889
136
749
111
781
41
761
88
949
152
9
711
481
228
597
1
935
123
622
852
536
658
106
408
306
886
558
85
463
971
940
854
838
51
502
141
953
545
329
718
743
246
325
280
722
684
748
425
419
10
193
985
21
279
227
827
927
154
154
111
446
577
530
531
163
80
510
996
248
341
262
551
