2525
7137
2909
7725
1460
3279
8414
8623
9197
1021
3856
9087
7694
7601
1657
8889
393
763
898
8247
1289
1891
2313
2061
9229
4980
9637
1889
9140
3113
4575
1087
426
8360
2415
4411
3778
9708
5748
1368
3524
6295
1000
5401
2648
6871
7988
1238
6356
1704
9536
977
8547
2139
9053
9082
9847
4021
3718
2224
7088
3771
8852
5400
6909
813
1314
259
1490
3009
81
9195
6507
1121
9085
1790
5920
5559
5727
991
2441
8040
8099
6217
788
2047
2365
7413
68
5788
1624
2766
7053
6620
4783
5795
7118
9402
2016
4093
6317
8358
5149
785
7529
8310
645
1608
1180
5306
6451
2685
3231
5908
9141
8967
2899
7911
8783
7336
637
2400
1345
6661
3330
6339
3127
4791
3380
8727
7215
2624
3547
5940
288
6322
6999
4827
4665
7789
2276
1063
6264
4056
2639
1139
4428
4882
1641
3804
445
6169
1626
1209
2858
2171
9320
2616
1939
3643
7351
7546
3289
4918
1411
2018
7667
4726
6348
106
2114
1158
4929
22
2406
2648
7297
957
2178
6436
3949
2646
9550
7201
5826
5423
8124
7145
3062
3988
9341
5112
6176
7085
293
7925
8317
632
5052
6421
2497
4970
406
2123
2267
3760
4950
1972
7628
9515
2590
2291
1400
667
9434
2456
9822
9019
7246
87
2773
6765
1820
3462
6327
2727
5803
8182
9011
7439
276
5030
1693
2707
6175
7284
7593
1628
4030
8742
5080
3428
5080
2392
210
9109
5193
8230
1221
1828
615
4621
1308
574
8696
8925
4228
1249
5538
113
1179
7566
6772
1218
5673
5230
2499
4521
3316
755
5383
6708
2126
704
9976
107
4002
5291
5827
6787
1423
6146
2305
6722
8932
5580
2121
468
2861
4658
5508
3262
1613
4989
3570
4385
9965
5217
1676
7905
2019
4347
7578
8359
2262
1815
2358
6691
1041
2614
7632
6358
86
8429
2835
7487
7781
801
7079
6868
1773
1890
7096
2292
5586
9765
9768
2667
8352
8439
753
5557
8159
1694
2013
4918
7
1394
9290
4682
2534
2253
5272
4984
5120
7598
1940
364
166
4724
1386
1798
7690
3273
1974
4221
9169
6957
4524
7399
8410
5893
2154
6253
1903
4323
5690
9115
8138
1000
3212
5574
490
5928
707
1137
8229
6733
8574
9457
272
2990
8458
8736
2204
1600
2727
1183
4147
7709
904
9727
5973
5509
8591
6657
4220
8147
8440
6876
5990
9122
2388
7680
8164
1439
1497
7561
2142
304
3672
5686
2458
3477
4544
7130
6861
6590
3921
435
6944
3710
6499
6761
7894
2142
3688
249
7326
8549
7391
1171
8388
3943
4922
7200
7917
9899
3570
5736
3379
3553
9082
627
189
7379
8722
702
2530
9356
3805
4353
5855
2727
4501
1582
4824
2041
5821
1164
9772
2529
3574
934
1180
7807
4742
9918
6748
4659
151
8645
3947
4807
1404
8207
5408
1968
137
3602
8342
3472
8147
432
9353
4768
3702
4310
5665
3917
7046
5892
286
7632
5319
3837
9541
2754
1153
2273
1834
6223
62
2474
6878
7627
918
243
3628
2290
9070
7024
8910
9444
860
1289
7781
4225
2958
8265
3113
6178
8635
6039
6702
9177
6553
4594
8599
7753
977
3058
9455
4568
7729
445
1766
9731
2656
8135
536
9475
3095
3662
949
4704
606
9125
4428
499
6725
5502
8121
8624
3844
5566
5329
8564
8500
8348
7276
5931
1952
8953
1602
1285
7638
1751
6456
8537
5331
8403
9229
5195
8158
6645
8353
842
5267
9562
1686
9069
2291
7887
9897
3520
6841
9088
6050
7737
6288
4514
1049
2880
6564
686
9372
206
7111
7087
7055
5621
4101
8223
7443
1664
4729
8908
9882
1916
6401
7809
9354
424
2544
2178
6976
4521
9315
8039
1687
1953
9574
1245
3657
5585
983
713
1268
9548
1834
5887
689
5022
8879
4354
321
7180
7186
6589
4249
6142
4786
1425
4640
6667
436
480
615
4979
6632
4505
6936
2547
6380
5429
4321
3493
3359
7234
435
6998
7561
9085
1046
9404
3258
8677
4880
5047
7200
94
6726
5894
3180
5860
2161
7678
4519
2560
8629
711
609
5695
6670
328
7563
5457
8828
212
8294
176
7425
1860
107
818
7303
6663
44
8192
8311
183
2043
264
3608
6014
3561
1680
5637
3881
6177
9692
4323
6156
2279
8401
401
3254
4043
1227
3984
3510
9603
748
197
3982
6424
2262
2428
6088
1263
5019
2447
5286
1818
3283
9448
8269
8816
1806
4499
9013
9627
186
328
5450
192
7303
2280
1527
5109
5833
4853
6388
7550
6350
1351
8221
3528
3329
7644
9430
921
6398
6528
827
6695
231
9821
5820
6585
9814
4516
121
1915
5555
9229
5194
5510
2201
1100
4195
7343
6644
7524
3238
4383
8430
8128
1049
8499
9899
7968
2601
1172
1921
1665
8895
745
6459
4096
7058
3724
3328
7168
7565
2923
8815
170
3379
2448
5246
3060
5312
8467
2532
4645
5378
6030
1860
5176
9480
4017
9355
9439
5673
1687
1835
6378
3817
7032
4361
2664
1767
769
6163
270
9482
3665
8950
8854
7693
598
6479
4537
7784
3495
1105
1583
3826
3171
8327
4550
2772
1130
7818
3586
3951
1353
437
9364
8769
2524
3991
1406
6660
240
8952
4582
87
9687
1984
3705
2753
2607
8292
1010
2291
5813
403
7499
9293
166
2944
7411
7332
5414
5680
8496
1362
2740
983
1191
7471
7022
5214
2762
8143
1105
7448
2737
6908
9364
9908
4172
7334
6501
8197
5368
5591
3332
3809
5344
1115
3359
7639
630
1808
813
9301
3282
7067
4863
5241
7066
6956
7620
1094
7427
2322
4316
8056
4775
2482
2207
3452
6263
2676
7823
8826
675
2222
635
5140
9095
1093
6
2228
184
929
9639
1009
8080
8849
1490
3938
2374
2031
9783
6198
9890
6693
4505
4003
8143
960
7794
2078
1474
1411
261
7930
4634
31
4068
4180
8216
722
4883
1647
2225
7198
5965
2939
5745
9724
69
1852
4370
816
1808
6600
126
1215
5521
1936
4930
1502
5764
6754
7859
1404
559
5615
4053
2947
8342
521
8730
8427
9215
5951
2008
9200
7765
4892
3998
1332
2800
9949
487
3048
2053
4338
4672
7240
3194
2550
9095
9348
1357
2722
8965
9142
837
9871
1454
2673
1001
9723
2149
1254
5136
318
7733
1597
313
6477
7742
3314
2796
478
29
5166
7247
8493
8319
8584
9806
2734
311
283
5413
2885
2126
3578
5200
1043
8458
4225
7957
545
9315
1485
2304
9506
2241
1295
7247
499
3978
3933
2383
9111
9707
762
4183
8577
9652
3224
4083
3424
1817
634
8836
2722
5703
7822
2502
4594
6868
8699
6882
8788
1017
1096
6821
1700
3012
4045
9505
1273
2425
1150
1410
3871
3642
133
8020
8373
9975
8831
6739
1748
5335
2810
8130
914
6311
4684
9744
1110
354
9432
9352
6220
146
685
1241
9131
4933
6144
6389
4614
2132
2619
2333
7904
593
3494
8445
3171
2687
7237
4932
6114
8918
9762
5399
4877
4358
3900
1447
9061
2764
4143
7008
1649
2307
550
4562
7457
1997
9967
7269
5073
2099
7390
3433
9472
6729
7765
3516
4225
3908
9971
2272
8353
800
7754
44
6299
1278
9365
5809
3736
9819
5561
4320
1547
6903
3451
538
4684
6676
2898
9880
5939
653
4207
8364
9192
89
8715
9656
4296
6320
2719
7118
5419
3853
826
7063
67
6757
7438
248
1079
7415
6956
1361
9426
4356
6306
3832
3941
5009
8402
9254
2004
4378
4276
5536
5568
6122
5423
585
4880
8088
3636
8741
6614
8356
9099
2593
8111
4275
3106
8626
2154
6087
450
5500
301
8882
197
3860
7940
8748
3254
6023
1260
883
199
2571
2224
3219
7513
87
1745
1175
5031
8399
3595
9230
3236
1763
8325
5569
2118
9561
377
8244
8707
8007
2389
186
5899
3717
49
8750
2006
9187
4274
1568
1504
8007
9599
3341
5153
5850
1090
1331
610
6563
5905
8802
9981
6371
7342
8934
548
5347
1515
6469
9397
1915
8178
8996
1117
1253
8756
3279
826
5042
9280
3320
181
5131
1558
6928
4592
90
6157
7028
4844
2921
8210
4041
1087
5515
530
5387
8004
4730
4761
7987
9042
1393
1660
5367
3250
5227
9364
8006
2587
5484
8780
6820
6848
9215
7085
755
2621
3391
8920
6067
5294
841
7524
6555
9921
3890
296
2504
7180
8437
587
7429
7474
3440
26
9308
3858
9152
3371
6012
80
2473
4015
3772
120
3674
1980
1774
3809
6401
7324
4504
4751
8443
8752
8127
2091
3487
6714
8884
1542
6412
8425
4068
2299
5119
4742
155
1429
218
6319
5016
2802
1873
497
9671
4470
2214
2699
1579
1570
8136
6353
9418
167
7528
3614
2414
2054
204
2430
8616
7641
2279
1755
1816
4439
1864
6006
2730
1380
4834
4408
4611
4631
8540
4170
2733
9601
3914
818
1936
9866
2140
1422
6145
958
9110
22
7711
2040
4464
525
2347
30
4414
4712
1992
8125
6402
5523
2884
1590
1392
8960
4565
1689
1235
785
3271
9377
5374
264
949
433
5862
7757
1047
2397
3422
5472
5259
364
5059
8351
1750
7420
4873
3786
3324
902
7061
965
5791
8563
1965
3646
2053
1712
6012
9295
1549
7358
2411
7318
5203
1086
4044
8244
9810
523
9912
7043
5401
8647
3613
9228
6753
2683
4928
583
9182
857
537
1507
6580
1268
607
4489
6123
4675
65
156
4390
1265
4519
6148
4849
2953
4264
5580
8074
2768
7245
2472
5890
3523
1814
747
8307
1155
7835
9064
4803
9390
822
5063
6938
8368
591
8170
3233
2170
7880
2560
2411
2977
411
8810
8520
4938
2464
8429
5272
5189
7763
1847
4653
471
6950
6469
1156
6797
531
1076
8374
5677
7508
3815
9577
9919
8870
953
7244
8029
4011
4435
1716
2375
8015
6944
8416
4793
1886
4190
163
7377
5796
5912
1491
5516
1909
1458
2766
1568
9166
3589
2717
7743
5787
3148
2699
5674
4379
6990
3895
468
6912
749
9431
5193
4476
7309
9680
5279
4137
1769
8692
2012
4887
9459
844
5224
9643
2282
5462
8820
9109
5921
9760
8619
8147
2718
6598
2312
5269
5552
1864
9944
2337
6901
9247
2401
3384
1786
2097
5236
3656
8804
8899
9775
7795
7935
95
9477
8704
8709
1527
8834
7713
2513
4376
2954
8213
8149
1522
6209
3374
5497
1703
225
3333
2564
338
3591
3084
143
5626
4046
4949
4440
4311
9969
962
1909
197
1467
477
7547
4262
8817
6008
2925
6077
7634
6903
9336
1512
7902
5277
3567
5837
3925
2388
8914
2905
6353
65
4500
6564
7175
8119
1021
2249
1594
2811
9837
581
4929
9176
8803
6302
5673
7012
1837
9014
8397
738
9377
7167
4854
1242
7163
9634
8670
8214
7559
939
6905
5566
9329
4151
5094
8870
699
8288
3346
8214
4223
2552
4143
1850
9526
229
467
4651
1817
1980
1523
1839
1174
4577
1457
3516
4964
333
8163
3427
2682
9457
1159
42
6990
2266
9892
202
8826
9029
850
4027
995
9285
2237
3916
2732
723
3958
3143
9480
3942
1066
5156
5296
8083
4567
8029
4612
2582
6653
707
8901
1730
1953
399
2194
9429
3128
9019
2257
4864
3889
3554
1201
4133
7348
5316
4637
7953
3834
4847
7635
8509
2700
5707
9350
1359
9665
2692
7794
5671
1698
8334
5102
4823
1825
2756
7542
4337
3514
1217
1049
4440
1944
6547
5472
7856
922
9900
4033
7575
4712
6875
8674
1160
4337
1338
2450
3565
7462
7401
6853
6293
1405
7420
6142
4055
7470
9681
5218
4790
2002
9364
602
197
8654
1974
2329
317
3258
6043
143
4572
5366
2787
109
7552
2735
1035
6906
2117
2831
197
6486
8555
7187
6373
1149
8539
5281
2958
830
8763
89
3324
8444
2832
123
787
2644
1556
6889
7720
6464
4953
7039
2591
4572
5213
5200
1077
6535
3758
4803
6638
6509
8431
3774
7506
5218
2875
5809
6355
4033
1641
886
5794
1910
1297
3847
386
5177
1791
433
7277
2460
7445
5128
5511
7046
4614
6811
576
2194
720
2106
8733
1857
9305
6437
425
4951
990
9302
4552
7909
7911
2513
7836
7074
3871
2555
1852
1039
339
1353
7121
6331
105
1963
2755
3173
8099
4265
4244
2400
3492
3164
2170
2588
1970
992
7571
2914
2300
168
2517
2352
7774
6403
5044
5974
4323
2062
1015
9232
3931
9354
9724
3317
6477
6799
9211
8175
9886
6497
2393
2716
9122
562
158
8340
1858
9336
4217
1484
4479
5280
7826
683
534
67
6912
4923
4677
1720
2924
8338
6700
2987
3158
1857
6664
8589
1751
9629
4364
8523
2631
7436
2913
3811
4047
2178
9040
3908
6769
7933
1757
5669
1111
3038
2902
3257
7466
6201
747
9506
3540
4830
193
8580
6631
9129
6258
443
927
8534
3336
1439
934
2362
3962
9351
9943
3982
6533
7692
6165
2109
9390
6528
6684
208
8999
2878
1864
6360
4912
7555
3573
300
592
5773
8343
9347
1876
5171
4812
2708
3240
4118
6110
9260
4084
6087
3164
7056
920
9753
8940
7059
8123
5511
9770
2571
4816
2537
9796
2383
2266
3235
185
8691
8722
287
3167
9928
6694
2509
2388
7853
5156
5975
7031
1403
7192
1546
2712
8751
34
4162
7229
4569
5259
4436
5879
1157
6521
226
4853
3831
8930
5307
9751
1837
46
5617
501
9792
9375
6351
9088
2026
7573
2507
3705
8030
2685
5720
2338
7077
2506
9375
8770
3461
6359
4815
1437
3815
4924
1714
5154
696
7583
2226
5094
1152
7436
8572
882
9362
2376
291
7865
3939
851
2520
669
8191
5452
8298
6706
5160
9913
552
5826
2992
8007
9550
2082
9049
8239
544
9957
1706
1930
6608
1024
8709
3942
6502
9374
2263
3641
7617
9813
9120
1061
2601
8057
8596
2477
358
2463
1249
4007
6
4565
9458
7810
4011
5440
483
9322
9108
277
2629
8394
3534
8796
8932
4481
5609
2178
1928
3209
3007
782
3753
5076
2643
7143
230
3463
9911
8243
5944
5643
9520
5683
5122
4401
3262
2813
4092
2902
7574
6570
5201
2728
2242
6114
8597
8616
7101
2788
2219
1072
3607
8603
3605
1015
5856
957
1117
1906
194
6357
2196
3086
2495
1012
986
203
989
259
8205
6651
9423
8284
9893
6171
8903
2666
2367
3313
5496
3070
4040
3783
721
6484
7869
6103
8758
3669
6945
2328
3073
8333
3615
4775
106
2448
9552
361
3346
4745
1806
112
4214
8771
8682
6524
3842
4588
7260
2948
8628
7719
1497
6150
9811
688
7017
2203
8416
2277
7674
270
107
4915
6159
8255
4073
1951
2061
9346
6180
5223
695
7469
9284
5912
9512
7075
2621
4464
8178
6538
409
1494
2964
6772
1575
8393
481
5820
2435
3847
7535
9535
2553
6064
909
4013
4964
2617
4025
2655
9500
2629
4096
5852
2512
5953
1831
7671
9423
9630
9610
7739
9757
7525
2787
2506
868
3222
1741
6402
4505
1042
6729
481
8593
8186
8529
1642
8356
2071
1387
8504
4705
8811
817
1491
7858
743
2127
881
3664
8335
6700
382
1674
6235
2348
3999
3939
783
2164
2500
6090
9358
1424
6188
7805
9674
339
909
3136
6303
2669
1668
3963
369
7553
5258
2594
2194
4551
8600
3385
809
4175
7404
4471
6416
696
156
2266
8668
3776
5610
7500
9890
2060
1833
4997
2600
10
8991
7040
6906
1285
3484
2530
7583
7817
970
1769
7819
296
8213
1857
9269
4653
4684
7005
6924
9454
8137
8724
5381
2647
3565
4057
3800
581
2544
6367
8253
1871
4936
2813
5537
460
2471
3663
5485
8545
4314
6510
2424
6522
895
3745
6844
3100
2743
8675
4983
680
4429
5878
4179
5506
7141
4392
615
4898
8
7813
2671
1530
5199
6510
6682
9386
2014
9241
2787
9025
5619
5721
1955
4661
6079
3407
1412
2373
1205
2193
7881
700
1008
5994
9228
6968
1754
5986
4392
4428
6938
2159
2808
787
877
267
431
8759
8216
6377
7418
897
5389
4387
2418
2113
9757
2133
7303
7680
2637
6351
2970
1811
875
2727
2217
8467
227
1325
321
4555
4301
9155
7598
3794
6009
1229
9703
778
8206
3573
3752
3688
5999
8035
2655
7781
640
8139
5291
9348
4247
7718
8738
581
8054
2197
8515
2089
4488
3443
6427
4935
6858
2715
2427
7055
972
8155
7481
8077
2904
6263
8150
9279
4466
5505
7105
9306
4000
6567
8138
59
652
3405
969
2314
7592
1917
9936
5043
2178
9756
3566
1192
7624
1983
4662
2193
6317
4813
7887
5862
4253
2343
3421
4670
749
6181
3040
297
8902
2259
2283
379
5572
9372
1048
5513
5562
4630
282
1353
41
4383
2658
5989
3408
7493
5351
8721
5
8284
2336
9774
2453
3867
4355
1981
6681
5528
564
4168
4362
4214
8918
8765
8438
6588
3189
8492
1827
4472
9799
1235
2228
3060
224
2424
2042
3943
7525
2967
1868
1727
7844
6957
1498
7053
9426
5684
5966
4017
9844
4767
1492
8361
147
489
5019
4868
7209
2761
1740
2508
721
8953
7531
2067
5614
7863
6845
1260
666
7451
4681
3310
1491
8826
6401
581
3553
907
5251
969
2186
216
6890
7555
2825
8711
4027
1805
2989
1337
7213
9497
6190
9426
7688
997
6550
8411
7697
765
3469
1509
325
2817
8725
9999
437
7289
1943
2361
3056
3479
3422
4601
951
7116
258
1710
8813
5533
8776
3204
5645
3127
9640
2695
769
7217
8046
8908
5504
705
6614
9596
5319
5041
5058
9362
667
6947
2414
9879
5310
4723
518
3515
9553
3756
4966
5655
7369
270
7345
7153
997
8015
9878
1152
7790
4175
720
8465
6655
1792
1693
1289
1896
8085
4370
1772
9646
9018
3069
8413
2581
5653
3275
4054
7904
3884
3147
6299
9560
3543
5378
9642
2716
2935
464
9541
1640
8631
8019
2164
6873
6130
5050
4052
8623
3366
5069
6357
9252
4359
5692
8035
2844
6070
6021
2050
1166
835
5754
7280
962
657
4082
4165
6811
9130
6942
6030
2615
2354
8991
1051
4596
5520
9478
4933
4245
5610
6700
8212
4085
1825
1283
3936
1484
781
9756
2071
9360
4874
187
1822
3486
2995
8568
2955
4777
9229
5768
2834
5650
5960
2747
5983
4824
8689
1447
1636
4914
91
1637
1171
8075
6128
7290
9198
220
675
4473
188
9697
423
294
9343
1989
9717
2942
4212
1903
1098
8150
2827
5857
3375
4001
8248
8046
1293
7718
4216
5885
2625
9553
6104
7867
4444
3145
947
2021
4414
9602
8442
1478
7140
1908
7769
430
6064
747
408
1732
1224
1744
3999
221
6305
296
637
4078
1453
428
2315
5358
7874
1257
7084
3903
878
7496
2504
6191
2280
801
377
3962
537
1771
3989
8482
7818
4519
2750
4369
8559
7886
6695
3134
6997
2008
216
2687
376
9231
6227
6174
2744
7619
4151
3183
6461
2671
9541
6673
6793
3164
1041
8499
6892
6917
4475
2152
4078
698
8415
8174
6216
2665
6378
860
9316
7881
7247
5738
5574
7465
1369
5813
5755
9577
9921
5427
9154
215
4545
355
9319
6317
4218
9161
8343
2520
5283
4857
7249
5788
8852
9762
7002
8615
3634
5374
6596
1187
9035
582
4880
7680
2740
6394
433
6434
1905
4146
6611
886
3430
3231
9004
2714
5195
6581
6722
5742
5893
2957
4749
6358
4243
6774
7886
7489
4165
4988
3791
6335
3316
60
1357
1646
3230
7446
9156
325
7425
6644
7882
197
1690
1466
8303
3181
2462
6879
6323
2958
2600
1915
5609
7342
740
3409
8298
4720
8796
5423
6397
7795
402
9107
7765
346
845
5905
2076
6220
9767
8482
1711
1805
5478
3103
2985
5837
1545
2734
68
9759
2358
1836
6637
973
8769
9356
1832
3258
7935
5343
453
104
5500
8148
5489
1211
8714
3346
7119
1918
3724
3476
2072
6884
530
9124
2129
9938
1173
2315
8876
8187
7237
8535
5186
3388
7488
5326
3472
6969
5414
2515
2543
1703
3627
3095
1144
3659
2317
5985
6599
5283
55
4769
3263
4756
4934
9617
2591
2036
7113
349
2292
9497
6126
4165
1919
2481
2026
8592
6200
8931
4649
9347
2563
2790
5768
1955
5506
785
5022
7447
5067
5315
6562
5458
5884
2260
201
2079
7308
4283
1103
7053
6787
4161
8568
1053
6348
53
4551
9146
1626
1442
1407
1193
9258
4703
4408
8225
6280
4901
9781
5996
388
1078
8707
7966
853
2683
1892
4182
2526
1663
845
9202
4065
6331
1997
3400
7458
9665
7663
3539
6589
8781
2113
2507
843
8840
774
888
5328
303
201
71
9272
8932
4532
2974
9860
5763
1759
5469
2271
4760
1084
6293
1687
7679
659
5582
5848
8780
3770
2116
3786
1676
5543
689
7150
2203
4825
8257
9748
503
9476
7217
674
9141
2507
2185
448
451
5602
124
6647
1454
9764
7150
7979
789
9459
9382
2662
2157
5711
5172
3912
1767
57
2244
1324
9087
5256
6899
8028
9925
8684
5153
2391
6497
8144
8328
5394
4915
9877
2509
3533
3529
9101
8852
4359
7461
2885
8456
2357
2926
599
2332
9055
3750
4671
3851
8747
4923
7804
1639
2815
7746
1257
9008
5537
6929
157
5155
1633
1003
3392
1621
6889
7298
7279
9504
7475
1479
6081
1102
1628
4278
4283
7011
1000
7697
3520
4064
6422
7977
5869
1092
1989
9588
1285
5782
8999
891
8761
4673
3029
851
74
8335
1219
1903
3985
2697
3670
308
6543
8557
7091
2237
6880
5346
8457
1200
3094
1608
1890
3808
2659
4899
4822
292
6903
2650
4977
2744
5675
2683
3142
9203
4508
3697
7108
393
412
1352
7912
6162
4118
1168
9298
5659
8945
7264
1532
9995
2231
2621
473
6344
7350
3724
283
3915
2438
5892
1752
4145
1356
8776
9693
1091
2558
6163
147
7577
6488
6644
401
4939
3775
9453
5954
1768
5301
6486
1097
106
428
2343
6338
2345
7853
6486
4267
959
6267
7502
9843
6812
4996
5265
4561
7996
9048
6062
2008
6629
8109
8006
2730
1749
8370
3036
4234
7852
5043
4988
8343
8469
6764
3422
8662
1403
3586
5898
9598
1146
190
5805
4154
3603
59
3789
7626
2308
5618
1130
7676
3559
2675
8662
6186
922
3111
22
5699
4031
468
5769
5230
4005
5441
4216
2699
8710
2699
2927
3261
642
8359
2076
7366
4669
440
1477
4625
6708
6259
6510
2678
9974
4625
91
8985
6000
1094
2083
4148
3257
8144
5622
2342
9312
1313
3888
7020
3986
2081
2334
4703
369
4509
2224
7166
8529
2612
2016
3757
4789
8388
1987
5854
313
6065
7565
9039
4209
2230
1066
2229
6850
7839
6826
2728
1743
3285
76
734
3624
123
7134
7532
9390
3034
1268
5626
3769
7944
1815
2919
6589
9006
9216
6589
6314
6137
4614
8421
292
7088
1764
7598
3427
6360
8222
6363
9563
3685
2293
731
1310
3955
6904
2285
7056
676
2702
7058
1804
7610
3842
8629
6902
4694
5566
7577
848
2722
8555
6131
4368
1357
9768
9528
7202
6485
6905
4615
8554
7193
1922
8282
8029
2207
1172
9193
865
9300
3590
4623
2418
1522
2088
5409
4198
8231
4741
4829
9619
9668
4967
8095
9615
5842
1919
9530
7993
2492
996
4085
8182
3609
7755
4131
8670
9480
4329
2648
5832
5890
3942
9256
2691
5562
1570
3634
1703
9208
3388
2126
8395
7862
448
9939
7352
3706
1392
732
5678
4630
6871
2764
1590
5084
1530
5103
5415
1878
720
3970
7885
9781
8403
5206
5303
9880
2791
1681
784
2336
27
9334
3008
1393
8158
4214
883
460
4308
1271
8507
4651
7465
5572
9442
1659
4085
6869
6050
9777
8480
6944
2168
8199
6263
32
1302
7830
2816
9317
7560
7448
7819
9628
3194
8622
3978
7633
2728
2271
3122
8130
2022
8578
3970
2661
6081
2958
900
4573
1190
3984
2306
6745
8577
718
4218
4606
6264
9802
2501
3238
137
2264
100
6728
5985
1107
348
9370
1855
2124
6004
533
7369
5637
8604
7272
2301
9261
400
512
4282
2349
6845
8246
7920
4803
3604
7576
6901
2156
2653
9837
298
6856
2077
2131
8478
7448
7963
7228
9217
9195
223
9321
4059
9322
4604
6180
3645
3200
112
3684
1608
8686
8842
3245
5758
7502
3163
903
7222
7222
8944
6897
3507
6415
1903
8948
6135
2215
8543
4236
6676
6708
5997
3109
6131
9098
3469
9250
6569
9758
7742
7476
7815
1084
528
472
1329
3750
9050
5394
9601
7134
4231
202
5516
5719
1297
2532
7253
5942
4834
356
849
8542
2646
3825
8763
3165
485
1577
2281
4577
2863
3045
2079
831
2392
5583
3090
3605
6519
6865
9247
4462
698
1392
2989
5734
3228
7081
193
8975
3370
6939
7569
8163
4130
6709
7194
9530
4732
5185
5669
111
7997
2097
7480
3486
4250
1161
1482
2241
6539
4445
1433
3276
1552
7340
9039
8709
4232
7341
4449
2088
8943
5033
9114
9689
119
7546
9496
1099
8011
3490
3606
9473
2000
2415
1626
579
8637
9486
623
4419
6413
573
7029
1921
8258
6309
1528
3084
1020
8600
6815
329
7370
5383
4213
9593
9392
2663
6573
582
1450
5141
2178
8126
9440
6792
7725
676
1882
4230
6619
5555
3622
8233
2509
1940
3303
9027
9233
4114
480
2224
4145
7484
5490
5660
811
3931
5363
4469
465
9428
4432
7409
8386
6656
3987
9635
121
2778
1336
7066
2020
3417
5821
6490
1640
1919
200
383
8450
7713
5838
4591
4433
6072
1168
7696
8835
2182
1624
5914
2205
5053
4598
2798
3983
765
6724
360
2150
2925
912
2752
5828
3660
2539
2183
9325
872
3485
2192
9156
9375
6027
3693
8502
7348
524
252
4660
3412
3641
497
2263
6377
611
7973
2703
8511
6137
4463
6589
357
1705
4051
4561
8758
2407
1000
7766
4856
1485
431
5005
9717
1858
2528
1704
6841
1773
1783
8344
1803
7051
5023
2872
1056
7696
3757
9196
8603
8123
753
7972
1353
9676
7880
117
1837
5306
8102
4762
1431
784
9074
7175
7243
6009
7410
3294
3279
7548
441
7462
6660
2137
9614
4633
1017
6564
670
92
3804
449
277
6436
5395
6273
8089
4679
3914
4684
5800
3713
5821
8992
7955
520
5577
6872
730
2594
2430
2576
5770
502
2407
8280
4933
976
1389
8952
6161
8473
5833
5523
1235
486
3465
1199
2685
8575
53
1396
8646
8083
8594
1970
9369
6346
7926
6408
9889
8987
3261
9842
7011
7936
8588
3347
7724
8167
1572
388
7373
6633
7689
1467
4068
5920
820
7951
9373
9653
1509
2010
7272
6936
7981
2145
2541
7940
8155
5057
3901
225
9014
3354
331
6684
7098
1536
9740
5300
6934
7423
5610
1622
3029
9967
5295
9676
3148
1048
5552
9441
6356
3896
87
2168
6487
194
854
7806
9713
9594
6793
1356
6127
5375
1595
2882
7723
7223
1580
7073
4347
4865
9105
5863
3398
8423
9212
448
5944
6035
2782
5915
552
131
7114
8507
8120
5056
7388
2127
3933
9739
5898
1333
849
4729
8058
4650
2597
9425
1620
8244
4954
8547
3017
2068
7153
3340
6196
3606
7905
9479
2319
1803
2410
1206
618
3513
2856
2225
4920
9073
4506
1550
4634
8098
2627
8497
2208
1020
6209
1798
4316
1943
332
8093
4970
6629
6081
1397
7166
6277
9232
6205
6812
3513
898
9479
1709
347
4943
5453
7616
6027
3007
2328
4192
6268
6879
9247
5157
8544
3703
5405
4669
1361
1865
1383
1212
2386
8780
3916
9122
9493
1627
7597
1372
3902
1800
1950
9277
4999
1828
6750
2111
6821
3363
7412
9076
4988
8827
8874
482
1919
2574
8719
5455
5290
1369
87
3224
6931
4508
6854
6840
8814
9994
526
808
3344
1555
260
5522
6294
2465
1913
9194
4504
4623
616
4335
1768
4129
4763
1454
3359
5440
2083
8296
9818
2164
1368
6645
8768
2103
6349
8409
8168
6279
2888
8550
360
8956
1761
5954
3121
2844
7768
6587
8570
955
396
3864
9721
2711
858
9969
1529
4499
8786
5362
2169
7377
1712
8508
8385
1062
7641
2460
4315
1161
6372
496
5455
5148
140
9399
8270
2158
2163
1705
500
8879
7081
9335
3720
6006
3821
388
8774
2608
8452
9364
9631
5034
328
3844
8255
464
6146
3706
4079
1287
6458
2238
1115
1928
9262
5225
3527
5566
1202
6124
8222
5571
5639
197
8076
8645
9647
9534
9420
4975
3648
3558
2324
197
2983
6309
1760
4511
4686
4634
5420
4810
1345
758
6278
683
7630
574
7347
8038
7548
1117
6113
5022
3981
1977
8860
2302
7046
7319
4245
1927
4350
7281
3200
2203
933
2023
4269
5289
728
6580
826
1386
3026
5506
3559
7916
5621
6976
2713
4972
6585
4883
3299
1881
9124
9051
7746
1847
4059
7192
8776
1682
6871
412
3579
819
1996
1267
3135
7240
3606
5888
1153
6638
2821
89
325
8018
9322
2663
8211
6041
3026
2550
9821
381
8259
5268
4773
3657
1445
5688
9453
9270
6003
6144
2078
87
5009
1248
9388
9921
2833
2215
2858
464
9233
2276
3162
4966
3926
249
792
2421
7071
639
7704
8175
3219
8859
7277
1148
2061
7343
4699
380
105
8211
5679
5549
1535
8870
6046
8015
8096
1296
6923
5958
2862
5066
9565
3392
9265
128
1936
8488
9943
6437
8187
6970
475
7528
962
5400
3178
5318
9388
5820
3250
895
1432
8719
5228
5198
9803
8553
2651
2179
8237
3257
9797
2851
9014
280
5346
3235
7027
2890
9427
320
8957
9125
3908
3363
1596
4532
2469
8003
375
8750
1381
4556
1983
2611
2464
990
9341
6454
8236
6153
8985
8465
7150
6952
5741
2198
6818
3819
3209
5778
6026
7897
9688
2119
4806
6229
547
8170
9253
2417
8196
4681
7851
96
7278
8977
644
3937
9787
1759
5689
6121
6950
6422
5824
1151
2122
9137
2968
2206
4298
3273
9573
1703
963
5785
6328
997
9247
6368
483
805
5371
9782
7884
1733
1163
1075
9264
5884
1021
6861
490
5531
2747
3472
2212
7859
5285
674
493
966
3102
231
2619
2898
3654
5075
9043
9692
7496
8991
3063
9577
868
2574
6879
1459
4784
895
2235
1145
1067
6501
3832
8376
7058
7462
2033
1945
1574
1505
728
9819
9101
8548
4277
3411
6777
61
3694
1040
5158
9103
7688
6532
5639
1159
4877
112
2116
9167
5566
8191
2701
6082
474
1959
1698
9441
6496
747
8245
1446
5186
5188
6304
7784
4683
3792
8564
5934
130
2619
7697
4039
1615
7470
4317
9833
9325
3542
2735
5353
3520
2423
7915
586
5354
1360
5779
4729
5065
7456
2843
5433
1714
7881
7085
7306
2228
1524
1999
3008
1142
853
642
7105
2051
9584
3516
1406
9544
9212
9048
3190
1386
3400
2381
5655
6349
3275
1244
150
6531
496
1054
753
3873
946
3886
5220
3561
3780
6514
3945
8627
1637
5119
3107
5533
1457
6301
412
2261
4059
6297
2381
2708
5914
6523
3743
7677
6641
1175
1264
9638
2452
551
5352
9863
9048
1977
2828
4657
7434
2453
6530
4657
2483
5090
5590
9620
2442
2185
5436
7149
9402
2553
4136
7589
6149
4445
7963
3730
9241
3179
6830
5227
2835
8223
3988
4219
1858
7768
5707
6981
7981
448
9203
8711
8679
2881
6834
129
7745
5430
183
215
1569
1488
5629
8853
7218
9467
3778
6308
6636
3232
5417
6858
853
7404
2078
2726
5128
2193
936
252
6149
9275
4451
9373
1593
5350
3390
1132
2272
3982
6242
4876
200
9607
8309
1422
1928
1358
1774
9081
465
7375
6026
4650
2643
6184
4621
1967
2387
1790
4333
3519
9595
2463
8188
5405
7602
7720
7780
492
3390
2231
328
7492
1016
3476
2360
7397
7247
7404
4885
3132
2912
14
7462
4212
5732
794
43
7007
6010
8693
4912
8549
7366
7218
5908
5740
1930
814
1258
2633
9860
2091
4271
758
4744
800
6702
3749
2608
270
6705
9715
9473
2854
6200
7712
112
2217
8046
2014
6149
7872
1498
903
974
8270
996
1189
343
2754
9353
1932
7369
849
6721
3083
3729
3811
6222
163
8834
2909
407
9190
653
5967
8519
5573
8240
3423
7296
5795
3500
7126
3347
9933
6092
5721
1956
1662
9155
27
793
9325
1301
8849
2516
9210
2553
3110
5618
4586
9213
9183
4290
4863
1339
2258
3898
6475
5659
5523
502
7334
7608
7087
6755
478
8087
9965
9644
8319
757
1953
8578
2308
6737
9043
3313
9596
4650
2127
7248
7056
5658
2174
4537
9139
8659
4693
8858
2891
8681
7149
1035
256
256
3987
1218
3939
6487
9536
35
3121
2550
684
4443
5559
148
7439
8655
1032
1228
7128
513
7565
848
4177
6915
1837
5822
4610
7583
1085
2242
613
4614
5593
7613
6890
6039
7203
3285
492
1458
6507
3549
1204
1630
1393
470
8189
440
487
2341
9975
6317
2666
551
9472
7849
5714
2115
639
6833
2808
975
211
2078
6248
8086
4924
5419
3719
9096
5336
5666
2487
7778
4097
6577
6536
8031
197
8450
5105
5823
9830
8763
7167
5768
8786
580
2637
9066
2550
6567
3605
9207
3919
6621
2534
6163
2817
8902
5191
2536
7484
5688
778
2573
7243
2765
2580
8392
8815
4822
1133
7281
9756
3461
9667
1658
6529
4537
9108
7052
4638
5483
43
5427
1697
2089
2170
9644
3666
928
1578
8078
7872
3519
5743
8583
9658
2410
1071
2968
3075
9580
4995
1172
4576
7521
7023
5845
1860
3203
1807
2528
5102
3779
6947
7817
2721
1914
285
4106
5093
8513
9400
5424
1116
2430
843
9767
423
3695
2878
3944
9529
9564
7757
5263
252
9560
9882
7345
7619
7944
2055
4190
3904
3160
5701
5956
2616
4650
3879
1204
5859
9104
7898
8441
3816
1884
5257
629
8680
3542
4364
9358
5641
5038
2352
2330
2807
4162
4381
2103
1398
8018
8580
2350
4907
4066
408
7417
3452
3968
7359
5906
2021
7190
8408
686
6252
930
4495
6218
4711
5909
5678
2484
860
8617
7431
3998
6633
7415
5984
8526
1701
2263
1981
9561
6503
136
7268
2866
2054
1427
2541
957
8001
7691
2217
7113
688
968
9781
429
8858
7957
7999
5218
3848
2502
744
9666
650
1374
2874
3647
9017
7408
3035
2758
988
7588
2435
3734
6159
8172
5882
5180
8289
5335
2710
7905
5836
8518
5908
2166
8763
8350
757
4686
6951
2317
1915
2046
7682
5136
9795
2496
3048
8068
7157
1118
2418
300
8618
77
5485
3235
1246
7943
2971
818
454
1870
9625
756
8916
6414
3200
7256
9944
2178
7263
502
6281
7162
5081
998
6980
1499
2715
2909
1636
7128
3217
6425
6788
4416
1738
768
7137
9159
2201
8036
8114
3049
1965
7209
5644
5932
3779
8042
1505
3142
2794
7385
1050
4351
5799
5525
3989
1240
3387
9553
9472
2124
6946
8387
1702
7894
7532
7274
3929
2051
7266
692
6610
6873
3681
4222
1413
2328
2171
3885
6248
8256
1839
1181
5301
3492
1157
8488
3101
4766
6878
6906
7232
5218
6155
9042
1915
9655
237
4379
7713
5923
3981
5691
7885
1238
350
4332
7878
2219
5647
1161
4932
4058
5301
6923
1058
5009
2537
9462
389
9285
9758
61
4428
6067
7301
5517
5929
235
900
8825
3679
7856
3764
1441
9371
2665
3994
6888
6872
3836
4313
2214
4878
7851
7142
3068
9451
2639
1388
5686
5717
1701
6737
8165
750
7638
9673
9214
1576
7099
5321
5245
1659
5473
9166
622
7830
2905
3087
9133
402
4883
1104
1964
1661
28
9465
7653
1782
6197
295
4209
7204
3078
2817
1017
2219
6211
7085
4731
481
4638
212
7855
1662
5246
1731
3577
2739
638
852
658
6813
7448
1788
227
4650
8980
9126
1073
3995
507
6368
8047
1226
4177
6676
6304
5038
8611
27
8173
6988
9709
9805
8758
8336
8655
2443
3228
5677
3169
8656
1710
161
8628
501
6626
4236
1723
9429
7143
2211
9242
7857
6184
7952
2686
676
8531
5580
7741
745
4379
2000
7791
3708
2412
968
6029
4046
5693
5402
8569
2621
9354
837
1598
5907
6754
6300
3273
126
3726
8885
3849
304
4644
1342
3219
9160
91
9328
4281
2625
2463
4678
9596
1817
8391
3487
2703
7652
8597
2770
766
850
1310
4946
4543
575
7707
514
4503
185
2111
2186
9088
7623
2650
843
4554
1224
1261
1936
4992
9114
4735
5205
7228
476
4160
2764
94
7206
5532
1358
3384
5127
4882
7695
7262
1599
9781
3109
1516
558
3170
2154
3032
3789
931
2464
7930
1340
4676
932
1641
6491
549
7558
5256
6941
9535
4776
5696
6714
7130
4070
9744
3684
5261
1701
7331
1676
3079
5806
1809
8646
5663
700
7064
1146
4487
7700
8748
4268
8087
4021
7612
6638
9687
3969
9639
5988
6683
2907
2015
1321
4454
9297
93
6737
5529
9755
5638
4638
907
8580
5341
8295
701
2681
344
6565
1518
1840
9335
8448
8829
6315
1298
4266
8973
7693
8802
6074
8430
7948
403
3468
8377
3687
1608
3718
5580
986
848
6078
5303
5200
6232
2570
4518
7592
5345
824
4496
8427
8947
1536
7663
2029
7169
4151
1201
3010
2559
4869
4414
5332
4450
8425
2971
3218
8392
507
8735
234
472
2722
5348
5993
5530
3752
8464
4034
3385
9226
1860
334
3768
4868
2165
8324
244
2205
3433
7994
5960
9263
7700
5130
2134
9834
1044
6583
8709
9432
2362
4210
7030
4132
554
4008
1212
567
9012
9087
794
5444
3556
7617
2447
4533
567
1463
1616
1636
8703
6202
2677
2590
8168
7590
3671
8629
9676
9041
519
4806
20
4266
4659
7163
4705
6085
949
6497
4986
630
4444
5980
8262
5195
5023
3065
6220
655
4623
5716
6009
4989
8844
172
3586
4834
891
4116
1915
4102
4247
7387
2087
1932
2502
9806
320
87
6573
5932
3097
5023
54
171
8931
709
1232
2217
9293
4212
4216
1621
4160
8264
7527
1007
9609
9156
7868
1198
2312
6302
6172
9920
6825
605
247
119
4192
4902
2380
5250
2411
499
3888
185
1715
54
4971
190
611
3389
5891
3824
2395
9894
5950
8849
1479
1956
7521
6538
4156
1202
574
8830
4851
8328
6430
6221
6314
3212
1291
42
9878
7162
2754
1022
4269
1223
9831
7166
6116
1314
5689
9627
4228
301
1031
8361
2322
4811
3315
6242
2239
8154
358
2523
4669
6082
7364
136
947
3182
1458
9580
2035
5291
1237
6051
8522
4927
6332
4243
4104
5757
193
9167
1905
3701
6620
8959
7619
9473
9257
5405
89
1997
891
3089
9903
6726
5440
2879
5558
6775
5191
7887
6074
2575
8304
5934
2371
2903
4691
7267
761
4659
2067
8181
6411
2568
3492
3739
7970
4029
2667
3027
7201
1364
7237
7367
3760
4986
8059
2140
4650
9741
8964
5437
6003
8574
9627
9705
9678
7911
6515
1304
1853
7839
1752
8003
7466
7627
2120
7781
1862
2279
6946
5404
113
8678
3085
5876
7337
5766
1468
135
8694
552
1712
6381
2021
255
8031
922
8579
9270
5876
7865
3806
2518
8535
7267
1830
6168
1599
2613
7369
7129
500
4432
1327
1852
7354
1122
6851
4148
2459
7446
9667
7009
6532
9623
5610
1994
5811
2587
1484
9021
1007
4910
2626
3331
6712
2972
3927
8199
9025
1747
3217
8888
7819
4839
2084
2589
356
9288
3635
1545
8368
4722
8281
5168
3446
516
1672
40
6879
1155
8464
8531
9834
2383
9441
9548
6660
7717
7988
5824
118
2375
7719
5279
6703
6954
9592
6386
2099
8542
4148
2320
2612
8211
1216
9340
2177
858
232
817
2924
5289
9398
1889
4448
6676
6037
5081
2066
8632
1446
1097
5831
905
4307
1428
2727
1167
866
4227
2288
6268
4429
2702
846
6993
4960
7629
3834
4434
898
8156
6177
5415
135
6974
6630
629
1013
1251
1626
1212
8773
2637
8507
2961
7069
4335
315
3471
6124
887
2018
6298
1173
1870
5879
5749
3664
1933
7531
1476
1165
7762
7718
324
8027
8227
2326
9066
856
6786
5653
2089
4873
2850
7418
6152
4140
8409
8899
5459
1548
2167
4850
1680
661
5334
2757
9221
1289
4098
8235
8665
883
9978
3635
8872
6393
5575
7175
6027
9943
5053
9465
4119
1690
9633
1533
1764
9849
5466
6760
3249
3131
4890
1271
1910
2597
8782
7074
4987
2227
836
3378
1895
554
2557
3329
2747
2827
7203
6514
9232
2234
4061
7233
2366
4367
1905
6747
303
2573
1961
9953
9635
65
4137
3161
8469
7965
8079
6038
6221
7910
1580
7321
1816
7499
6194
5047
4773
8119
7855
7069
1153
6809
6457
8130
886
7857
2378
5884
1487
4109
1759
5078
9167
278
8779
4864
9283
6709
8193
9095
1701
8506
9553
1351
7218
9694
7922
2046
5070
102
3298
5266
2407
3403
7834
182
4871
4776
2022
8697
7022
8612
595
7584
4767
433
8713
421
1497
2820
4267
1775
265
7382
3468
6452
1647
4698
2181
8125
3822
5344
4789
7225
6664
1337
120
6420
9577
7548
8363
1865
6754
9817
7150
694
4954
7004
4858
2495
8704
947
3318
5685
6355
4948
1365
2233
7861
729
6354
8700
2350
845
7375
3224
2973
5052
954
1492
5860
1797
1649
8996
821
2115
9207
8176
8311
4125
3624
8982
3710
5323
5305
210
4474
346
9539
6301
5070
2817
4162
4195
2036
8949
2665
473
5135
1338
7080
9519
7409
1883
1457
627
3038
5019
1959
9878
9024
205
3512
9171
8541
833
2061
5277
4726
8689
7007
7656
8929
9419
2268
8347
4329
4127
2218
5876
6164
7643
9884
1772
742
9205
83
9757
3669
4857
774
3425
8572
5156
212
4813
7203
4720
4521
6894
47
9360
7648
2226
7078
8575
1977
8203
1814
6196
4155
495
2758
3769
3691
6227
5213
1132
9150
8010
2194
1381
123
8056
2339
4857
4276
1820
1850
6575
4870
1614
1741
4945
5295
2868
3605
3445
9232
1355
4369
5404
3156
5092
3596
9098
4704
8013
5772
8232
3002
6706
7309
6695
191
2484
237
9462
6207
265
7689
1109
6092
2067
2872
2298
340
4901
1814
5076
4618
8708
4708
6271
6620
7355
6574
6440
6528
1729
205
3649
2544
2398
9694
2486
4729
4268
3314
5089
3070
2683
2535
923
6882
3127
5944
2548
1430
5038
4225
1333
8895
1709
3909
6516
2972
1898
6035
5417
1878
3591
6358
8190
4168
4725
941
3867
3202
4280
7146
6595
185
1306
4494
969
7809
4050
2453
4487
8237
9686
9806
3505
1926
654
3118
901
7195
7499
2773
6309
1944
7592
449
9705
6362
4096
7394
2766
9713
1168
5678
5876
6663
4222
8117
1319
6848
6331
2263
9483
4226
2181
3973
5230
9288
848
9078
152
2529
5397
2331
1750
4254
8267
8757
2008
4797
9542
1845
8999
7471
2429
8452
2491
9872
7520
8868
7164
3848
314
3607
9336
1117
19
6894
2500
2892
8137
5829
9270
472
8225
1165
6723
3745
6232
394
420
4473
9791
3534
270
5395
3334
5077
8578
8205
8679
9731
6050
4368
4119
2011
7349
4421
3161
5186
3661
4827
7220
1315
919
9078
3845
483
1331
2761
9880
5608
1765
8647
499
3686
1098
8742
6931
7994
6703
3846
4876
7370
3407
7537
1947
8604
1099
2371
5726
9143
479
4588
3334
8008
3107
1891
8748
7941
9103
1053
6450
6407
8834
1599
7019
9971
2197
5712
7885
5241
3707
7234
2982
7665
9788
8195
5773
115
1362
8063
1530
1046
1540
6312
2265
6748
4273
6248
9115
4876
2079
3014
8190
8703
3157
1400
6094
9278
2789
9144
8635
460
2398
2602
8493
8481
8097
285
3653
566
5954
1775
5782
2392
3314
6006
7572
8439
1595
509
3596
142
4027
4907
6196
168
532
4379
9700
2176
3827
3751
9397
4585
2624
9669
4905
8592
3589
7927
4188
2351
5891
350
6153
3892
4625
5391
7200
9585
9287
1289
2230
740
2762
8709
6573
7914
2728
5119
1206
6752
310
4420
9236
4154
1896
4716
1571
1527
2178
2650
9289
693
6460
7186
7243
9937
4955
9755
8563
9522
1998
8997
1985
3959
1221
9964
1504
5277
5785
4765
907
2005
7896
680
7759
4070
7536
2279
8610
4495
9358
5086
8644
6415
6151
5636
581
6905
598
97
7927
418
1415
2296
2294
2461
229
9927
9253
2265
1711
2716
8795
8921
9055
2234
5118
9300
5598
5149
9230
2222
8514
8811
790
7639
490
8379
9086
387
8508
2058
2100
41
5196
9179
3980
9200
5728
1726
325
3415
1249
9397
1790
7699
6917
2355
4778
2110
8107
5446
1872
4814
5382
9271
2037
852
974
6352
910
5190
5219
381
1201
8992
2499
4821
7563
5270
6014
3131
9607
4397
3880
3488
973
2219
9728
5563
3514
8667
5822
780
1903
2661
3586
9325
2012
2606
602
1514
8366
7036
7924
2755
5894
5165
1221
3727
492
9289
7273
4851
1460
948
8893
228
2656
8344
856
9945
5878
2435
3777
4244
8851
7069
9101
6467
3648
7821
1112
6850
692
9164
3398
8739
155
362
762
4193
2678
783
5271
1169
4626
6101
470
345
9005
1156
487
9302
2502
2478
5738
1033
4709
1325
256
8369
7659
1481
2974
3599
4059
8494
6307
8070
1273
3677
3722
7234
7121
6802
3666
7610
91
6791
2603
1129
7422
2182
4995
6537
4563
692
4211
9057
92
2397
8804
1809
3604
1402
5397
6794
1560
1162
3665
2356
4311
9808
2509
426
358
9769
4000
505
7686
7249
8022
2585
9466
2167
7574
1963
9316
1805
7666
20
848
4772
7774
6504
1587
1000
1861
5259
5989
2520
377
3380
413
746
2730
2371
7547
2396
4633
1892
5020
7309
2653
6820
6393
8301
9302
3299
1794
3378
1616
9419
9753
1084
6393
1280
6721
3756
1814
3305
1529
7137
931
2030
4035
9618
5963
9922
8011
1075
4583
8451
3012
6866
2233
8656
3620
2529
844
5674
7571
8569
2004
5470
8208
1484
3468
5137
2965
1516
3440
6269
7596
6027
7703
2140
178
2386
6358
8194
9067
1414
5217
8735
1430
4183
162
3941
3490
7707
9055
3320
1073
603
7352
5716
2844
7036
2926
4483
360
3425
9194
6046
4999
9423
957
6643
1617
2305
2963
1625
1125
5469
5790
1472
9515
7590
2416
2316
812
1444
2073
6180
4500
1073
3842
5957
4454
788
6584
365
1184
9764
4734
21
1473
4005
7772
4190
7209
3767
4636
143
8128
4512
5143
29
8122
1014
2635
7213
9016
2258
1456
3302
594
4401
1931
3019
6293
7773
5842
2935
6567
8107
5522
2137
7219
8438
8653
9762
1889
8460
8968
7469
4340
1799
4
5183
5883
1215
4266
2015
6768
654
1117
1143
8181
2309
811
1979
7473
3933
7220
826
5413
1632
4686
6291
3827
7832
920
1290
8369
3672
3982
43
4794
4267
2221
6813
278
2249
3959
4971
6892
1889
7320
799
6629
2115
3946
8944
7874
7197
7894
6238
5472
3577
2396
1243
2587
9285
2549
3036
2673
2291
279
6400
3145
834
5993
512
1028
4845
2632
7048
6370
2130
4217
3541
8616
2277
767
9344
465
4710
4623
7082
2274
8320
7555
5704
4482
804
3868
513
8602
4501
1659
564
2746
4101
3409
8208
9468
1489
1638
239
4652
6760
1079
2514
4600
8546
3907
5795
1749
2830
9289
375
1891
7532
5034
4946
1889
2380
7556
7264
8803
4391
658
7585
9411
1421
6142
7540
9175
270
4904
327
5346
381
6764
8270
3884
3969
1343
5778
8550
4366
8890
6076
3705
5717
6746
5266
9647
8759
4182
8081
3701
575
1315
3533
7582
1056
9286
5252
8107
412
6792
1353
8986
9576
782
8768
3549
8268
3177
6725
5693
1343
5546
482
414
5746
7803
1216
6756
5596
2203
6862
9798
4502
3640
5504
1395
1560
1985
8266
3698
2900
5932
8381
5806
1840
2230
3840
3986
5690
2089
5395
2161
2232
6499
5600
793
557
4821
1140
9145
4995
4120
9372
4144
8757
7447
1619
7448
6859
4041
2603
4996
2620
9693
3034
197
9423
860
3495
8899
6083
6729
1269
3866
256
1340
2543
8627
5917
5919
1636
2437
6580
5864
7094
1563
3218
217
1021
3735
5635
372
7234
1591
8990
1411
2424
3480
3788
6007
2381
9769
2127
4479
386
6417
6785
316
2599
1010
3194
5186
331
9184
887
8482
610
5725
599
6470
6648
5175
3015
8252
5764
853
9792
1462
1921
9438
7311
4897
9785
6922
9334
8693
9811
6813
706
492
8927
3889
6589
983
5871
6098
436
2605
5144
848
4747
9461
4153
1921
8879
2839
3676
3462
8412
654
3450
3247
9888
7104
9636
5696
1584
2529
4863
4518
4587
6820
4864
8213
3132
4868
3464
9588
6963
9522
8865
8924
4037
8416
1290
7212
1251
1645
9392
8944
8297
6834
2734
9779
5096
4557
8805
3043
7286
6811
4655
5924
212
9372
5617
8248
2688
5441
1040
2989
3116
4569
9045
8023
2447
6829
8531
7824
5675
1768
7672
9069
5726
6587
2675
835
2957
2608
501
8154
8750
9405
6555
1584
4117
6107
6571
1569
721
40
3084
9334
1831
2042
3131
9531
2320
4165
140
3622
8607
9263
1757
4452
9813
5233
3809
2374
5480
3424
3644
6301
5585
9678
8954
1745
8214
4571
7749
1832
2760
6431
9575
277
1421
284
3212
5375
3296
1392
8635
9700
1255
8697
5687
9022
8037
4060
9393
5588
3889
4295
3489
8836
7464
197
1269
3584
4703
7426
1048
7702
2699
4960
9814
2708
3252
8297
8783
5260
615
982
3099
5316
8507
8063
4749
1714
7942
8628
8171
294
3089
395
1004
2120
7961
7803
9475
8435
9464
5225
8540
3922
1731
9169
3060
443
4069
1895
8445
505
5117
1374
8098
2190
3
473
568
312
9904
3232
982
6003
2734
2021
727
1360
2414
5304
9501
101
7593
872
6936
1316
9417
1339
663
1456
8137
3087
6510
7438
474
5281
1992
7897
3527
1391
9407
3144
7131
905
4155
1923
3394
1821
5671
6772
7293
9780
9370
3771
7866
2390
356
181
8148
2485
6695
3421
630
697
6393
5699
422
8615
4167
8013
7152
8632
3243
6315
8431
8951
5041
4191
3155
7563
727
189
1904
7046
2595
7103
6580
5693
7561
732
3147
665
1789
5402
1478
8669
8918
8241
1529
4328
2260
2274
7092
669
388
7544
5445
2338
2017
3102
1019
9367
9885
8450
2846
6119
944
1912
3709
3507
4719
9889
9704
4365
2065
1693
7056
8834
5086
1327
4267
8572
474
4577
4316
5559
6561
4024
5411
1378
1714
8648
5201
8008
2849
1707
623
5824
2744
6942
2911
9217
9869
3421
1474
1882
7434
7984
7419
2609
5001
1765
8101
9003
5726
1281
9009
9244
426
97
2866
4046
7325
7750
8669
1079
8428
3424
7498
8182
7347
634
8128
1327
8460
3175
2177
9176
1601
9658
145
4834
1710
6908
6397
7548
1499
138
2265
20
9753
6813
3483
5360
298
1487
5302
2364
8373
7610
9641
6724
6826
5587
8682
3461
8884
3239
1133
9247
3757
1796
3721
4397
7366
187
9820
2104
5063
8597
2702
1305
9715
9604
228
3534
336
635
966
6927
774
4352
7747
3713
2581
4097
8643
6058
3100
9317
3262
6598
9655
8101
1387
842
1529
2811
7403
6535
3642
1033
2615
4401
131
8908
1671
3825
6472
5666
7972
3255
6660
4283
3648
148
7035
5389
4069
5751
1548
2122
8012
1703
7766
277
4527
1600
6702
4834
5472
1745
9325
1518
748
198
990
1247
9210
4689
4921
8445
616
2190
4473
5810
6472
1302
8101
2845
1927
5989
8237
1213
8735
3768
8659
8652
4813
8153
4493
1322
1493
4606
4152
1052
596
4702
4159
6453
2615
8853
6764
6067
9642
9690
1757
3421
3716
8415
4715
9548
3937
5338
5655
3927
6079
6274
2854
3251
4829
939
1151
650
2993
725
3954
2028
9337
7345
1676
9364
3412
2247
5800
1485
5011
4068
3464
4916
170
1463
5140
8271
8267
254
2625
910
6292
5901
198
6561
1911
1679
3100
43
4796
9983
1124
9301
594
8841
4685
902
2571
605
9622
8418
361
1524
257
1408
4531
4694
360
3184
6765
2315
8148
3356
8455
6368
8796
2463
1540
2749
1403
1732
5629
2692
773
4656
2743
3325
7275
834
51
2864
6845
6442
6853
610
3600
6248
4487
5555
2384
918
6031
5447
8632
8537
4478
4597
2239
1764
6714
4412
4533
1261
1518
8972
7342
4036
7840
52
5406
1169
6948
6696
1574
4829
3791
7765
670
9940
4399
8536
9780
2266
9113
5931
9588
1500
1874
1778
6216
2200
9650
6518
5601
7487
1318
2143
5223
5849
9925
7863
2445
2762
7190
1276
9
8084
8000
1782
3283
2461
5921
1323
6603
2178
5507
703
9472
3373
8220
5072
3598
3971
709
4033
9592
5344
2253
9796
903
9895
6719
3486
6401
1477
4769
7286
1069
3798
9982
1038
662
2634
3543
3109
702
3609
6693
6283
1381
5828
9458
5911
2122
1438
537
2582
4433
2011
8843
2725
3590
5671
7924
8769
5457
2026
9277
1372
1931
331
6691
99
8368
2595
4583
7357
948
5364
600
7079
3051
1081
6062
8926
2244
3120
696
1837
9925
9045
3976
1528
1821
9600
2461
7911
6902
2434
5906
4455
1866
7436
9829
7581
440
9489
7499
733
4470
8717
4370
2618
6857
4661
5175
5791
2675
1
7496
2125
508
248
605
7238
4084
7802
2931
3001
968
5732
2680
655
7331
9024
4782
5526
2791
9307
2506
4171
4956
1867
1596
9246
2584
5408
2932
4144
1455
7225
5395
4432
3565
8267
7280
2390
962
558
9452
5712
6990
3801
2152
1132
9645
1471
6149
20
436
8585
956
4576
1581
7174
7855
2265
7423
5472
2143
362
4882
4097
9136
3788
2817
3526
5386
3794
5760
5075
7522
8370
4480
6295
6312
3013
81
2546
7745
6112
4104
1636
7032
3124
1778
6695
2401
5491
439
4783
143
2325
4737
5153
1607
5882
4927
9762
1907
4224
8342
8257
2923
2887
359
6184
6145
2163
6471
5247
9836
7362
3627
4386
7752
6959
5074
2181
6476
1702
3639
9348
9868
3881
2135
3551
3216
8754
1200
4022
8356
5194
4059
1169
2353
1833
3419
2516
6540
3183
4902
3969
7437
6290
1780
7774
195
1961
3717
9544
7767
489
5368
5720
9854
5917
906
7685
8050
8332
7579
6666
2915
9718
4823
7338
7258
7358
9859
9345
6911
7710
2487
29
3708
2232
4907
3277
9809
8281
8213
1625
5945
9331
9682
994
8701
2523
1442
4570
6647
127
1881
5831
8298
2316
8035
8916
10000
3968
3288
9577
5044
7819
2897
4445
9329
6875
602
1225
2106
2040
8392
8190
4364
5293
9740
1114
609
2057
2392
6455
1526
309
402
5732
2816
710
7655
520
7690
2357
1954
1124
4322
9853
2525
5160
1428
8100
2790
2489
967
8094
9574
5938
8359
6095
8879
4264
2610
6080
6196
6978
1656
4628
237
1129
7612
2426
3130
6461
3888
1733
8744
6280
5424
1659
4322
7047
8045
5067
42
181
2030
8339
872
1258
9714
1809
9538
7477
105
424
3549
2246
755
3957
1426
95
9432
5426
7701
5211
8602
266
3954
4047
7400
4286
6729
9136
7509
360
6636
7334
376
5103
6886
240
9429
4858
9870
1096
252
5192
6171
9752
7920
9823
6955
1245
5083
1940
8399
2170
3824
2939
8057
7808
2129
5822
7513
2925
9058
6147
420
3683
2845
4985
8775
4827
4952
8324
7130
3241
4116
922
6808
6690
2535
572
605
9275
9741
169
7745
6899
5226
2623
7861
5956
1555
323
7163
1302
1149
5251
7723
581
4646
6091
8723
7732
8483
4869
8751
5345
2826
2420
1994
7179
7665
5202
4643
3889
8646
5352
9283
4189
3232
7311
3117
5730
5990
3349
2727
2386
4223
7314
8441
4386
1049
2491
4404
7521
3134
2278
1269
4919
340
3231
3753
7803
5588
5067
3203
3640
7102
5931
3116
7457
1946
1811
8218
6610
5810
6427
6740
2921
2398
5398
5413
308
2928
6994
47
764
6769
6223
4163
4483
6220
8403
3438
1003
7802
1101
5061
7623
1549
1848
7604
5350
7457
9891
2195
2460
4223
2591
8299
2115
9012
9384
8888
1331
9521
6679
911
2653
8165
1959
1553
2638
7320
1719
2352
7218
2249
432
3634
2711
5723
9016
9364
7908
6763
6598
4257
9385
37
9143
1987
3336
2151
9807
985
3749
1830
4596
7738
5307
848
2632
9432
4063
4402
5701
1128
1048
3323
4238
2514
4623
1728
3155
6036
2099
4385
405
2716
9568
4892
3819
1717
9649
8049
6789
1233
7172
4758
8063
7832
8846
2027
9272
6736
1214
9985
1603
1422
8486
166
4349
2700
9623
8964
7649
1819
4588
8524
6601
6059
5738
6028
4165
4121
8278
7689
8336
3799
1751
505
7601
3986
6478
6431
2496
8736
7092
492
4954
7609
7987
8372
4951
1529
1751
5200
5689
6402
1734
9362
6664
182
9469
7982
924
6853
8909
4038
7578
3028
3719
9638
8002
8320
6644
6930
8040
6417
8008
6877
7250
6162
7703
9980
5346
9280
1128
1034
3669
497
1289
7997
3354
86
4579
3656
3575
6900
2624
8210
2761
5136
4315
2791
26
2905
4711
8382
6760
2635
9122
1227
8723
3504
9946
710
9959
6410
8417
7131
9483
1375
702
3043
5625
6483
3732
8788
5871
1196
198
1604
8949
3746
3627
3427
1473
9142
207
4858
7399
2117
5066
2926
1109
5388
8421
9338
8333
9710
362
2524
9764
9028
7115
4030
9243
9188
135
1944
300
6006
9336
996
168
7123
2287
3378
3342
6686
5124
9645
1054
2535
7625
9726
7647
5822
4831
4480
9598
6149
8716
6308
2648
2777
1835
8005
7866
2658
7539
7294
5318
3081
7437
3450
1720
938
8704
9004
5370
6218
79
2481
1174
3434
5286
9443
7546
9837
2273
576
6304
102
4078
3178
7774
4662
323
7392
268
4293
3011
6300
6420
734
3293
9710
9567
5504
133
570
1565
9441
3688
2317
9093
1766
3690
2726
1518
721
770
7442
588
3355
7592
7896
752
3282
6045
7671
7577
3364
9692
1564
9536
2764
928
6968
4787
8540
8839
2866
4671
9084
421
4553
8499
9122
7948
8589
1779
5555
7274
9646
9706
6793
8179
3589
5924
8262
5552
9698
8811
1015
5736
2981
4864
6764
223
4401
3581
5175
8701
1821
3400
6131
9984
2109
3738
1735
2020
577
6512
2443
8433
972
3266
4250
3606
680
1907
7481
3397
1849
8105
1335
5374
8815
4109
8582
1825
7631
4500
9640
5839
7891
735
8125
6240
513
3200
8781
3178
8906
5407
512
5056
8885
1532
1430
9417
7963
3285
9844
8291
6180
6410
3052
3383
7394
7711
625
5007
8731
1218
1881
7989
2669
5629
8099
2750
8349
1470
5770
9239
2785
6886
7147
414
2831
7119
1444
4468
7061
6146
5278
338
6731
871
6765
3386
9877
4845
789
5967
1758
5293
8175
5128
577
1307
5644
4464
5113
9948
1161
3026
8092
3646
3524
6403
1476
2228
2045
8160
9662
5313
272
410
1222
5448
483
1247
3027
657
763
603
2750
5102
516
6079
6105
4190
3073
8800
2286
5154
5280
4515
2469
1583
1841
152
7162
6947
8393
8740
5822
4347
1266
9700
9357
1989
2389
8911
9201
7329
491
1739
3125
2445
4464
210
6571
4977
2025
102
5026
4264
5864
387
1923
865
2557
2948
6987
2020
287
6697
2893
1081
4027
167
57
1925
2540
4400
824
3014
3708
1893
7353
1474
6826
2970
4897
5867
2397
9641
478
1269
824
1705
829
7627
9918
3007
1725
5007
7703
1365
2132
9313
5348
2395
8688
113
5632
748
384
4600
2407
2211
820
5924
5211
2045
9602
5027
9573
2849
5003
3587
4409
1773
8093
2278
6429
5474
4138
1355
9723
2627
3785
1579
276
9433
7067
994
6536
2603
1505
479
2372
1836
5357
189
2939
6742
9270
9362
8264
4854
1407
2680
6578
5511
3754
8426
8385
2420
665
8866
8368
3672
2005
1921
2116
8488
1763
1358
4764
6852
5108
7778
410
1305
7547
1011
7969
6906
5316
48
8670
7713
8948
3436
9164
2848
5148
6719
339
2845
2497
5994
2001
8238
3777
3113
731
6464
254
8653
1701
9231
479
2363
1585
8081
424
255
133
7395
4758
1461
4784
409
1632
3097
5870
9791
7979
3773
634
5446
1740
8011
7459
604
3379
2204
4242
7194
2006
9913
8907
6020
9739
1600
